error(train): 0.758389261745
error(test): 0.771084337349
