error(train): 0.155000
error(test): 0.180000
